(kicad_pcb (version 20171130) (host pcbnew "(5.1.4)-1")

  (general
    (thickness 1.6)
    (drawings 0)
    (tracks 365)
    (zones 0)
    (modules 54)
    (nets 83)
  )

  (page A4)
  (layers
    (0 F.Cu signal)
    (31 B.Cu signal)
    (32 B.Adhes user)
    (33 F.Adhes user)
    (34 B.Paste user)
    (35 F.Paste user)
    (36 B.SilkS user)
    (37 F.SilkS user)
    (38 B.Mask user)
    (39 F.Mask user)
    (40 Dwgs.User user)
    (41 Cmts.User user)
    (42 Eco1.User user)
    (43 Eco2.User user)
    (44 Edge.Cuts user)
    (45 Margin user)
    (46 B.CrtYd user)
    (47 F.CrtYd user)
    (48 B.Fab user)
    (49 F.Fab user hide)
  )

  (setup
    (last_trace_width 0.5)
    (user_trace_width 0.5)
    (trace_clearance 0.5)
    (zone_clearance 0.508)
    (zone_45_only no)
    (trace_min 0.2)
    (via_size 0.8)
    (via_drill 0.4)
    (via_min_size 0.4)
    (via_min_drill 0.3)
    (uvia_size 0.3)
    (uvia_drill 0.1)
    (uvias_allowed no)
    (uvia_min_size 0.2)
    (uvia_min_drill 0.1)
    (edge_width 0.1)
    (segment_width 0.2)
    (pcb_text_width 0.3)
    (pcb_text_size 1.5 1.5)
    (mod_edge_width 0.15)
    (mod_text_size 1 1)
    (mod_text_width 0.15)
    (pad_size 1.524 1.524)
    (pad_drill 0.762)
    (pad_to_mask_clearance 0)
    (aux_axis_origin 0 0)
    (grid_origin 71 48)
    (visible_elements 7FFFFFFF)
    (pcbplotparams
      (layerselection 0x010fc_ffffffff)
      (usegerberextensions false)
      (usegerberattributes true)
      (usegerberadvancedattributes true)
      (creategerberjobfile true)
      (excludeedgelayer true)
      (linewidth 0.100000)
      (plotframeref false)
      (viasonmask false)
      (mode 1)
      (useauxorigin false)
      (hpglpennumber 1)
      (hpglpenspeed 20)
      (hpglpendiameter 15.000000)
      (psnegative false)
      (psa4output false)
      (plotreference true)
      (plotvalue true)
      (plotinvisibletext false)
      (padsonsilk false)
      (subtractmaskfromsilk false)
      (outputformat 1)
      (mirror false)
      (drillshape 1)
      (scaleselection 1)
      (outputdirectory ""))
  )

  (net 0 "")
  (net 1 "Net-(C1-Pad2)")
  (net 2 GND)
  (net 3 "Net-(C2-Pad2)")
  (net 4 +5V)
  (net 5 /OSC1)
  (net 6 /OSC2)
  (net 7 /Reset)
  (net 8 +5V1)
  (net 9 "Net-(DA1-Pad1)")
  (net 10 "Net-(DA1-Pad11)")
  (net 11 "Net-(DA1-Pad2)")
  (net 12 "Net-(DA1-Pad12)")
  (net 13 "Net-(DA1-Pad3)")
  (net 14 "Net-(DA1-Pad13)")
  (net 15 "Net-(DA1-Pad14)")
  (net 16 "Net-(DA1-Pad15)")
  (net 17 "Net-(DA1-Pad6)")
  (net 18 "Net-(DA1-Pad16)")
  (net 19 "Net-(DA1-Pad7)")
  (net 20 "Net-(DA1-Pad17)")
  (net 21 "Net-(DA1-Pad8)")
  (net 22 "Net-(DA1-Pad18)")
  (net 23 "Net-(DA1-Pad9)")
  (net 24 "Net-(DA1-Pad19)")
  (net 25 "Net-(DA2-Pad2)")
  (net 26 /LED1)
  (net 27 /LED3)
  (net 28 /LED2)
  (net 29 "Net-(DA2-Pad14)")
  (net 30 "Net-(DA2-Pad15)")
  (net 31 "Net-(DA2-Pad6)")
  (net 32 /RST)
  (net 33 /LED4)
  (net 34 /MOSI)
  (net 35 "Net-(DA2-Pad8)")
  (net 36 /MISO)
  (net 37 /SCK)
  (net 38 "Net-(DA3-Pad8)")
  (net 39 /D-)
  (net 40 /D+)
  (net 41 "Net-(DA3-Pad15)")
  (net 42 "Net-(DA3-Pad14)")
  (net 43 "Net-(DA3-Pad13)")
  (net 44 "Net-(DA3-Pad3)")
  (net 45 "Net-(DA3-Pad2)")
  (net 46 "Net-(DA3-Pad11)")
  (net 47 "Net-(DA3-Pad1)")
  (net 48 "Net-(J1-Pad2)")
  (net 49 "Net-(J1-Pad3)")
  (net 50 "Net-(R5-Pad2)")
  (net 51 "Net-(R6-Pad2)")
  (net 52 "Net-(R7-Pad2)")
  (net 53 "Net-(R8-Pad2)")
  (net 54 "Net-(R9-Pad2)")
  (net 55 "Net-(R10-Pad2)")
  (net 56 "Net-(R11-Pad1)")
  (net 57 "Net-(R12-Pad1)")
  (net 58 "Net-(R16-Pad2)")
  (net 59 "Net-(R17-Pad2)")
  (net 60 "Net-(R18-Pad2)")
  (net 61 "Net-(R19-Pad2)")
  (net 62 "Net-(VD1-Pad2)")
  (net 63 "Net-(VD2-Pad2)")
  (net 64 "Net-(VD3-Pad2)")
  (net 65 "Net-(X1-Pad1)")
  (net 66 "Net-(X3-Pad1)")
  (net 67 +5VL)
  (net 68 "Net-(X5-Pad1)")
  (net 69 "Net-(X5-Pad6)")
  (net 70 "Net-(X5-Pad9)")
  (net 71 0V)
  (net 72 0V1)
  (net 73 /OSC3)
  (net 74 /OSC4)
  (net 75 /SCK1)
  (net 76 /LED6)
  (net 77 /MISO1)
  (net 78 /MOSI1)
  (net 79 /RST1)
  (net 80 /LED5)
  (net 81 "Net-(DA2-Pad3)")
  (net 82 "Net-(DA2-Pad7)")

  (net_class Default "Это класс цепей по умолчанию."
    (clearance 0.5)
    (trace_width 0.5)
    (via_dia 0.8)
    (via_drill 0.4)
    (uvia_dia 0.3)
    (uvia_drill 0.1)
    (add_net +5V)
    (add_net +5V1)
    (add_net +5VL)
    (add_net /D+)
    (add_net /D-)
    (add_net /LED1)
    (add_net /LED2)
    (add_net /LED3)
    (add_net /LED4)
    (add_net /LED5)
    (add_net /LED6)
    (add_net /MISO)
    (add_net /MISO1)
    (add_net /MOSI)
    (add_net /MOSI1)
    (add_net /OSC1)
    (add_net /OSC2)
    (add_net /OSC3)
    (add_net /OSC4)
    (add_net /RST)
    (add_net /RST1)
    (add_net /Reset)
    (add_net /SCK)
    (add_net /SCK1)
    (add_net 0V)
    (add_net 0V1)
    (add_net GND)
    (add_net "Net-(C1-Pad2)")
    (add_net "Net-(C2-Pad2)")
    (add_net "Net-(DA1-Pad1)")
    (add_net "Net-(DA1-Pad11)")
    (add_net "Net-(DA1-Pad12)")
    (add_net "Net-(DA1-Pad13)")
    (add_net "Net-(DA1-Pad14)")
    (add_net "Net-(DA1-Pad15)")
    (add_net "Net-(DA1-Pad16)")
    (add_net "Net-(DA1-Pad17)")
    (add_net "Net-(DA1-Pad18)")
    (add_net "Net-(DA1-Pad19)")
    (add_net "Net-(DA1-Pad2)")
    (add_net "Net-(DA1-Pad3)")
    (add_net "Net-(DA1-Pad6)")
    (add_net "Net-(DA1-Pad7)")
    (add_net "Net-(DA1-Pad8)")
    (add_net "Net-(DA1-Pad9)")
    (add_net "Net-(DA2-Pad14)")
    (add_net "Net-(DA2-Pad15)")
    (add_net "Net-(DA2-Pad2)")
    (add_net "Net-(DA2-Pad3)")
    (add_net "Net-(DA2-Pad6)")
    (add_net "Net-(DA2-Pad7)")
    (add_net "Net-(DA2-Pad8)")
    (add_net "Net-(DA3-Pad1)")
    (add_net "Net-(DA3-Pad11)")
    (add_net "Net-(DA3-Pad13)")
    (add_net "Net-(DA3-Pad14)")
    (add_net "Net-(DA3-Pad15)")
    (add_net "Net-(DA3-Pad2)")
    (add_net "Net-(DA3-Pad3)")
    (add_net "Net-(DA3-Pad8)")
    (add_net "Net-(J1-Pad2)")
    (add_net "Net-(J1-Pad3)")
    (add_net "Net-(R10-Pad2)")
    (add_net "Net-(R11-Pad1)")
    (add_net "Net-(R12-Pad1)")
    (add_net "Net-(R16-Pad2)")
    (add_net "Net-(R17-Pad2)")
    (add_net "Net-(R18-Pad2)")
    (add_net "Net-(R19-Pad2)")
    (add_net "Net-(R5-Pad2)")
    (add_net "Net-(R6-Pad2)")
    (add_net "Net-(R7-Pad2)")
    (add_net "Net-(R8-Pad2)")
    (add_net "Net-(R9-Pad2)")
    (add_net "Net-(VD1-Pad2)")
    (add_net "Net-(VD2-Pad2)")
    (add_net "Net-(VD3-Pad2)")
    (add_net "Net-(X1-Pad1)")
    (add_net "Net-(X3-Pad1)")
    (add_net "Net-(X5-Pad1)")
    (add_net "Net-(X5-Pad6)")
    (add_net "Net-(X5-Pad9)")
  )

  (module Resistor_SMD:R_1206_3216Metric (layer F.Cu) (tedit 5B301BBD) (tstamp 63661D27)
    (at 141.5 180 90)
    (descr "Resistor SMD 1206 (3216 Metric), square (rectangular) end terminal, IPC_7351 nominal, (Body size source: http://www.tortai-tech.com/upload/download/2011102023233369053.pdf), generated with kicad-footprint-generator")
    (tags resistor)
    (path /6379EE09)
    (attr smd)
    (fp_text reference R12 (at 0 -1.82 90) (layer F.SilkS)
      (effects (font (size 1 1) (thickness 0.15)))
    )
    (fp_text value 510 (at 0 1.82 90) (layer F.Fab)
      (effects (font (size 1 1) (thickness 0.15)))
    )
    (fp_line (start -1.6 0.8) (end -1.6 -0.8) (layer F.Fab) (width 0.1))
    (fp_line (start -1.6 -0.8) (end 1.6 -0.8) (layer F.Fab) (width 0.1))
    (fp_line (start 1.6 -0.8) (end 1.6 0.8) (layer F.Fab) (width 0.1))
    (fp_line (start 1.6 0.8) (end -1.6 0.8) (layer F.Fab) (width 0.1))
    (fp_line (start -0.602064 -0.91) (end 0.602064 -0.91) (layer F.SilkS) (width 0.12))
    (fp_line (start -0.602064 0.91) (end 0.602064 0.91) (layer F.SilkS) (width 0.12))
    (fp_line (start -2.28 1.12) (end -2.28 -1.12) (layer F.CrtYd) (width 0.05))
    (fp_line (start -2.28 -1.12) (end 2.28 -1.12) (layer F.CrtYd) (width 0.05))
    (fp_line (start 2.28 -1.12) (end 2.28 1.12) (layer F.CrtYd) (width 0.05))
    (fp_line (start 2.28 1.12) (end -2.28 1.12) (layer F.CrtYd) (width 0.05))
    (fp_text user %R (at 0 0 90) (layer F.Fab)
      (effects (font (size 0.8 0.8) (thickness 0.12)))
    )
    (pad 1 smd roundrect (at -1.4 0 90) (size 1.25 1.75) (layers F.Cu F.Paste F.Mask) (roundrect_rratio 0.2)
      (net 57 "Net-(R12-Pad1)"))
    (pad 2 smd roundrect (at 1.4 0 90) (size 1.25 1.75) (layers F.Cu F.Paste F.Mask) (roundrect_rratio 0.2)
      (net 67 +5VL))
    (model ${KISYS3DMOD}/Resistor_SMD.3dshapes/R_1206_3216Metric.wrl
      (at (xyz 0 0 0))
      (scale (xyz 1 1 1))
      (rotate (xyz 0 0 0))
    )
  )

  (module LED_THT:LED_D1.8mm_W1.8mm_H2.4mm_Horizontal_O1.27mm_Z4.9mm (layer F.Cu) (tedit 5880A863) (tstamp 63661E53)
    (at 135 178.5)
    (descr "LED, ,  diameter 1.8mm size 1.8x2.4mm^2 z-position of LED center 1.6mm, 2 pins,  diameter 1.8mm size 1.8x2.4mm^2 z-position of LED center 1.6mm, 2 pins,  diameter 1.8mm size 1.8x2.4mm^2 z-position of LED center 1.6mm, 2 pins,  diameter 1.8mm size 1.8x2.4mm^2 z-position of LED center 4.9mm, 2 pins")
    (tags "LED   diameter 1.8mm size 1.8x2.4mm^2 z-position of LED center 1.6mm 2 pins  diameter 1.8mm size 1.8x2.4mm^2 z-position of LED center 1.6mm 2 pins  diameter 1.8mm size 1.8x2.4mm^2 z-position of LED center 1.6mm 2 pins  diameter 1.8mm size 1.8x2.4mm^2 z-position of LED center 4.9mm 2 pins")
    (path /6379EE15)
    (fp_text reference VD5 (at 1.27 -1.96) (layer F.SilkS)
      (effects (font (size 1 1) (thickness 0.15)))
    )
    (fp_text value LED (at 1.27 5.33) (layer F.Fab)
      (effects (font (size 1 1) (thickness 0.15)))
    )
    (fp_line (start 3.75 -1.25) (end -1.25 -1.25) (layer F.CrtYd) (width 0.05))
    (fp_line (start 3.75 4.6) (end 3.75 -1.25) (layer F.CrtYd) (width 0.05))
    (fp_line (start -1.25 4.6) (end 3.75 4.6) (layer F.CrtYd) (width 0.05))
    (fp_line (start -1.25 -1.25) (end -1.25 4.6) (layer F.CrtYd) (width 0.05))
    (fp_line (start 2.54 1.08) (end 2.54 1.08) (layer F.SilkS) (width 0.12))
    (fp_line (start 2.54 1.21) (end 2.54 1.08) (layer F.SilkS) (width 0.12))
    (fp_line (start 2.54 1.21) (end 2.54 1.21) (layer F.SilkS) (width 0.12))
    (fp_line (start 2.54 1.08) (end 2.54 1.21) (layer F.SilkS) (width 0.12))
    (fp_line (start 0 1.08) (end 0 1.08) (layer F.SilkS) (width 0.12))
    (fp_line (start 0 1.21) (end 0 1.08) (layer F.SilkS) (width 0.12))
    (fp_line (start 0 1.21) (end 0 1.21) (layer F.SilkS) (width 0.12))
    (fp_line (start 0 1.08) (end 0 1.21) (layer F.SilkS) (width 0.12))
    (fp_line (start 2.23 2.93) (end 0.31 2.93) (layer F.SilkS) (width 0.12))
    (fp_line (start 2.23 4.33) (end 2.23 2.93) (layer F.SilkS) (width 0.12))
    (fp_line (start 0.31 4.33) (end 2.23 4.33) (layer F.SilkS) (width 0.12))
    (fp_line (start 0.31 2.93) (end 0.31 4.33) (layer F.SilkS) (width 0.12))
    (fp_line (start -0.2 1.21) (end -0.2 2.93) (layer F.SilkS) (width 0.12))
    (fp_line (start -0.32 1.21) (end -0.32 2.93) (layer F.SilkS) (width 0.12))
    (fp_line (start 2.98 1.21) (end -0.44 1.21) (layer F.SilkS) (width 0.12))
    (fp_line (start 2.98 2.93) (end 2.98 1.21) (layer F.SilkS) (width 0.12))
    (fp_line (start -0.44 2.93) (end 2.98 2.93) (layer F.SilkS) (width 0.12))
    (fp_line (start -0.44 1.21) (end -0.44 2.93) (layer F.SilkS) (width 0.12))
    (fp_line (start 2.54 0) (end 2.54 0) (layer F.Fab) (width 0.1))
    (fp_line (start 2.54 1.27) (end 2.54 0) (layer F.Fab) (width 0.1))
    (fp_line (start 2.54 1.27) (end 2.54 1.27) (layer F.Fab) (width 0.1))
    (fp_line (start 2.54 0) (end 2.54 1.27) (layer F.Fab) (width 0.1))
    (fp_line (start 0 0) (end 0 0) (layer F.Fab) (width 0.1))
    (fp_line (start 0 1.27) (end 0 0) (layer F.Fab) (width 0.1))
    (fp_line (start 0 1.27) (end 0 1.27) (layer F.Fab) (width 0.1))
    (fp_line (start 0 0) (end 0 1.27) (layer F.Fab) (width 0.1))
    (fp_line (start 2.17 2.87) (end 0.37 2.87) (layer F.Fab) (width 0.1))
    (fp_line (start 2.17 4.27) (end 2.17 2.87) (layer F.Fab) (width 0.1))
    (fp_line (start 0.37 4.27) (end 2.17 4.27) (layer F.Fab) (width 0.1))
    (fp_line (start 0.37 2.87) (end 0.37 4.27) (layer F.Fab) (width 0.1))
    (fp_line (start 2.92 1.27) (end -0.38 1.27) (layer F.Fab) (width 0.1))
    (fp_line (start 2.92 2.87) (end 2.92 1.27) (layer F.Fab) (width 0.1))
    (fp_line (start -0.38 2.87) (end 2.92 2.87) (layer F.Fab) (width 0.1))
    (fp_line (start -0.38 1.27) (end -0.38 2.87) (layer F.Fab) (width 0.1))
    (pad 2 thru_hole circle (at 2.54 0) (size 1.8 1.8) (drill 0.9) (layers *.Cu *.Mask)
      (net 57 "Net-(R12-Pad1)"))
    (pad 1 thru_hole rect (at 0 0) (size 1.8 1.8) (drill 0.9) (layers *.Cu *.Mask)
      (net 33 /LED4))
    (model ${KISYS3DMOD}/LED_THT.3dshapes/LED_D1.8mm_W1.8mm_H2.4mm_Horizontal_O1.27mm_Z4.9mm.wrl
      (at (xyz 0 0 0))
      (scale (xyz 1 1 1))
      (rotate (xyz 0 0 0))
    )
  )

  (module Connector_Dsub:DSUB-9_Male_Horizontal_P2.77x2.84mm_EdgePinOffset4.94mm_Housed_MountingHolesOffset7.48mm (layer F.Cu) (tedit 59FEDEE2) (tstamp 636720C0)
    (at 128.5 91 90)
    (descr "9-pin D-Sub connector, horizontal/angled (90 deg), THT-mount, male, pitch 2.77x2.84mm, pin-PCB-offset 4.9399999999999995mm, distance of mounting holes 25mm, distance of mounting holes to PCB edge 7.4799999999999995mm, see https://disti-assets.s3.amazonaws.com/tonar/files/datasheets/16730.pdf")
    (tags "9-pin D-Sub connector horizontal angled 90deg THT male pitch 2.77x2.84mm pin-PCB-offset 4.9399999999999995mm mounting-holes-distance 25mm mounting-hole-offset 25mm")
    (path /637DA2D8)
    (fp_text reference X5 (at 5.54 -3.7 90) (layer F.SilkS)
      (effects (font (size 1 1) (thickness 0.15)))
    )
    (fp_text value CONN_9 (at 5.54 15.68 90) (layer F.Fab)
      (effects (font (size 1 1) (thickness 0.15)))
    )
    (fp_arc (start -6.96 0.3) (end -8.56 0.3) (angle 180) (layer F.Fab) (width 0.1))
    (fp_arc (start 18.04 0.3) (end 16.44 0.3) (angle 180) (layer F.Fab) (width 0.1))
    (fp_line (start -9.885 -2.7) (end -9.885 7.78) (layer F.Fab) (width 0.1))
    (fp_line (start -9.885 7.78) (end 20.965 7.78) (layer F.Fab) (width 0.1))
    (fp_line (start 20.965 7.78) (end 20.965 -2.7) (layer F.Fab) (width 0.1))
    (fp_line (start 20.965 -2.7) (end -9.885 -2.7) (layer F.Fab) (width 0.1))
    (fp_line (start -9.885 7.78) (end -9.885 8.18) (layer F.Fab) (width 0.1))
    (fp_line (start -9.885 8.18) (end 20.965 8.18) (layer F.Fab) (width 0.1))
    (fp_line (start 20.965 8.18) (end 20.965 7.78) (layer F.Fab) (width 0.1))
    (fp_line (start 20.965 7.78) (end -9.885 7.78) (layer F.Fab) (width 0.1))
    (fp_line (start -2.61 8.18) (end -2.61 14.18) (layer F.Fab) (width 0.1))
    (fp_line (start -2.61 14.18) (end 13.69 14.18) (layer F.Fab) (width 0.1))
    (fp_line (start 13.69 14.18) (end 13.69 8.18) (layer F.Fab) (width 0.1))
    (fp_line (start 13.69 8.18) (end -2.61 8.18) (layer F.Fab) (width 0.1))
    (fp_line (start -9.46 8.18) (end -9.46 13.18) (layer F.Fab) (width 0.1))
    (fp_line (start -9.46 13.18) (end -4.46 13.18) (layer F.Fab) (width 0.1))
    (fp_line (start -4.46 13.18) (end -4.46 8.18) (layer F.Fab) (width 0.1))
    (fp_line (start -4.46 8.18) (end -9.46 8.18) (layer F.Fab) (width 0.1))
    (fp_line (start 15.54 8.18) (end 15.54 13.18) (layer F.Fab) (width 0.1))
    (fp_line (start 15.54 13.18) (end 20.54 13.18) (layer F.Fab) (width 0.1))
    (fp_line (start 20.54 13.18) (end 20.54 8.18) (layer F.Fab) (width 0.1))
    (fp_line (start 20.54 8.18) (end 15.54 8.18) (layer F.Fab) (width 0.1))
    (fp_line (start -8.56 7.78) (end -8.56 0.3) (layer F.Fab) (width 0.1))
    (fp_line (start -5.36 7.78) (end -5.36 0.3) (layer F.Fab) (width 0.1))
    (fp_line (start 16.44 7.78) (end 16.44 0.3) (layer F.Fab) (width 0.1))
    (fp_line (start 19.64 7.78) (end 19.64 0.3) (layer F.Fab) (width 0.1))
    (fp_line (start -9.945 7.72) (end -9.945 -2.76) (layer F.SilkS) (width 0.12))
    (fp_line (start -9.945 -2.76) (end 21.025 -2.76) (layer F.SilkS) (width 0.12))
    (fp_line (start 21.025 -2.76) (end 21.025 7.72) (layer F.SilkS) (width 0.12))
    (fp_line (start -0.25 -3.654338) (end 0.25 -3.654338) (layer F.SilkS) (width 0.12))
    (fp_line (start 0.25 -3.654338) (end 0 -3.221325) (layer F.SilkS) (width 0.12))
    (fp_line (start 0 -3.221325) (end -0.25 -3.654338) (layer F.SilkS) (width 0.12))
    (fp_line (start -10.4 -3.25) (end -10.4 14.7) (layer F.CrtYd) (width 0.05))
    (fp_line (start -10.4 14.7) (end 21.5 14.7) (layer F.CrtYd) (width 0.05))
    (fp_line (start 21.5 14.7) (end 21.5 -3.25) (layer F.CrtYd) (width 0.05))
    (fp_line (start 21.5 -3.25) (end -10.4 -3.25) (layer F.CrtYd) (width 0.05))
    (fp_text user %R (at 5.54 11.18 90) (layer F.Fab)
      (effects (font (size 1 1) (thickness 0.15)))
    )
    (pad 1 thru_hole rect (at 0 0 90) (size 1.6 1.6) (drill 1) (layers *.Cu *.Mask)
      (net 68 "Net-(X5-Pad1)"))
    (pad 2 thru_hole circle (at 2.77 0 90) (size 1.6 1.6) (drill 1) (layers *.Cu *.Mask)
      (net 20 "Net-(DA1-Pad17)"))
    (pad 3 thru_hole circle (at 5.54 0 90) (size 1.6 1.6) (drill 1) (layers *.Cu *.Mask)
      (net 62 "Net-(VD1-Pad2)"))
    (pad 4 thru_hole circle (at 8.31 0 90) (size 1.6 1.6) (drill 1) (layers *.Cu *.Mask)
      (net 63 "Net-(VD2-Pad2)"))
    (pad 5 thru_hole circle (at 11.08 0 90) (size 1.6 1.6) (drill 1) (layers *.Cu *.Mask)
      (net 71 0V))
    (pad 6 thru_hole circle (at 1.385 2.84 90) (size 1.6 1.6) (drill 1) (layers *.Cu *.Mask)
      (net 69 "Net-(X5-Pad6)"))
    (pad 7 thru_hole circle (at 4.155 2.84 90) (size 1.6 1.6) (drill 1) (layers *.Cu *.Mask)
      (net 64 "Net-(VD3-Pad2)"))
    (pad 8 thru_hole circle (at 6.925 2.84 90) (size 1.6 1.6) (drill 1) (layers *.Cu *.Mask)
      (net 53 "Net-(R8-Pad2)"))
    (pad 9 thru_hole circle (at 9.695 2.84 90) (size 1.6 1.6) (drill 1) (layers *.Cu *.Mask)
      (net 70 "Net-(X5-Pad9)"))
    (pad 0 thru_hole circle (at -6.96 0.3 90) (size 4 4) (drill 3.2) (layers *.Cu *.Mask))
    (pad 0 thru_hole circle (at 18.04 0.3 90) (size 4 4) (drill 3.2) (layers *.Cu *.Mask))
    (model ${KISYS3DMOD}/Connector_Dsub.3dshapes/DSUB-9_Male_Horizontal_P2.77x2.84mm_EdgePinOffset4.94mm_Housed_MountingHolesOffset7.48mm.wrl
      (at (xyz 0 0 0))
      (scale (xyz 1 1 1))
      (rotate (xyz 0 0 0))
    )
  )

  (module Resistor_SMD:R_1206_3216Metric (layer F.Cu) (tedit 5B301BBD) (tstamp 63661C7D)
    (at 91.85 79.26)
    (descr "Resistor SMD 1206 (3216 Metric), square (rectangular) end terminal, IPC_7351 nominal, (Body size source: http://www.tortai-tech.com/upload/download/2011102023233369053.pdf), generated with kicad-footprint-generator")
    (tags resistor)
    (path /635E1B54)
    (attr smd)
    (fp_text reference R2 (at 1.27 -2.54) (layer F.SilkS)
      (effects (font (size 1 1) (thickness 0.15)))
    )
    (fp_text value 1k (at 0 1.82) (layer F.Fab)
      (effects (font (size 1 1) (thickness 0.15)))
    )
    (fp_line (start -1.6 0.8) (end -1.6 -0.8) (layer F.Fab) (width 0.1))
    (fp_line (start -1.6 -0.8) (end 1.6 -0.8) (layer F.Fab) (width 0.1))
    (fp_line (start 1.6 -0.8) (end 1.6 0.8) (layer F.Fab) (width 0.1))
    (fp_line (start 1.6 0.8) (end -1.6 0.8) (layer F.Fab) (width 0.1))
    (fp_line (start -0.602064 -0.91) (end 0.602064 -0.91) (layer F.SilkS) (width 0.12))
    (fp_line (start -0.602064 0.91) (end 0.602064 0.91) (layer F.SilkS) (width 0.12))
    (fp_line (start -2.28 1.12) (end -2.28 -1.12) (layer F.CrtYd) (width 0.05))
    (fp_line (start -2.28 -1.12) (end 2.28 -1.12) (layer F.CrtYd) (width 0.05))
    (fp_line (start 2.28 -1.12) (end 2.28 1.12) (layer F.CrtYd) (width 0.05))
    (fp_line (start 2.28 1.12) (end -2.28 1.12) (layer F.CrtYd) (width 0.05))
    (fp_text user %R (at 0 0) (layer F.Fab)
      (effects (font (size 0.8 0.8) (thickness 0.12)))
    )
    (pad 1 smd roundrect (at -1.4 0) (size 1.25 1.75) (layers F.Cu F.Paste F.Mask) (roundrect_rratio 0.2)
      (net 71 0V))
    (pad 2 smd roundrect (at 1.4 0) (size 1.25 1.75) (layers F.Cu F.Paste F.Mask) (roundrect_rratio 0.2)
      (net 9 "Net-(DA1-Pad1)"))
    (model ${KISYS3DMOD}/Resistor_SMD.3dshapes/R_1206_3216Metric.wrl
      (at (xyz 0 0 0))
      (scale (xyz 1 1 1))
      (rotate (xyz 0 0 0))
    )
  )

  (module Package_DIP:DIP-20_W7.62mm (layer F.Cu) (tedit 5A02E8C5) (tstamp 63661BD7)
    (at 75.34 76.72)
    (descr "20-lead though-hole mounted DIP package, row spacing 7.62 mm (300 mils)")
    (tags "THT DIP DIL PDIP 2.54mm 7.62mm 300mil")
    (path /635D4F7E)
    (fp_text reference DA1 (at 3.81 -2.33) (layer F.SilkS)
      (effects (font (size 1 1) (thickness 0.15)))
    )
    (fp_text value ATtiny2313A-PU (at 3.81 25.19) (layer F.Fab) hide
      (effects (font (size 1 1) (thickness 0.15)))
    )
    (fp_line (start 1.635 -1.27) (end 6.985 -1.27) (layer F.Fab) (width 0.1))
    (fp_line (start 6.985 -1.27) (end 6.985 24.13) (layer F.Fab) (width 0.1))
    (fp_line (start 6.985 24.13) (end 0.635 24.13) (layer F.Fab) (width 0.1))
    (fp_line (start 0.635 24.13) (end 0.635 -0.27) (layer F.Fab) (width 0.1))
    (fp_line (start 0.635 -0.27) (end 1.635 -1.27) (layer F.Fab) (width 0.1))
    (fp_line (start 2.81 -1.33) (end 1.16 -1.33) (layer F.SilkS) (width 0.12))
    (fp_line (start 1.16 -1.33) (end 1.16 24.19) (layer F.SilkS) (width 0.12))
    (fp_line (start 1.16 24.19) (end 6.46 24.19) (layer F.SilkS) (width 0.12))
    (fp_line (start 6.46 24.19) (end 6.46 -1.33) (layer F.SilkS) (width 0.12))
    (fp_line (start 6.46 -1.33) (end 4.81 -1.33) (layer F.SilkS) (width 0.12))
    (fp_line (start -1.1 -1.55) (end -1.1 24.4) (layer F.CrtYd) (width 0.05))
    (fp_line (start -1.1 24.4) (end 8.7 24.4) (layer F.CrtYd) (width 0.05))
    (fp_line (start 8.7 24.4) (end 8.7 -1.55) (layer F.CrtYd) (width 0.05))
    (fp_line (start 8.7 -1.55) (end -1.1 -1.55) (layer F.CrtYd) (width 0.05))
    (fp_arc (start 3.81 -1.33) (end 2.81 -1.33) (angle -180) (layer F.SilkS) (width 0.12))
    (fp_text user %R (at 3.81 11.43) (layer F.Fab)
      (effects (font (size 1 1) (thickness 0.15)))
    )
    (pad 1 thru_hole rect (at 0 0) (size 1.6 1.6) (drill 0.8) (layers *.Cu *.Mask)
      (net 9 "Net-(DA1-Pad1)"))
    (pad 11 thru_hole oval (at 7.62 22.86) (size 1.6 1.6) (drill 0.8) (layers *.Cu *.Mask)
      (net 10 "Net-(DA1-Pad11)"))
    (pad 2 thru_hole oval (at 0 2.54) (size 1.6 1.6) (drill 0.8) (layers *.Cu *.Mask)
      (net 11 "Net-(DA1-Pad2)"))
    (pad 12 thru_hole oval (at 7.62 20.32) (size 1.6 1.6) (drill 0.8) (layers *.Cu *.Mask)
      (net 12 "Net-(DA1-Pad12)"))
    (pad 3 thru_hole oval (at 0 5.08) (size 1.6 1.6) (drill 0.8) (layers *.Cu *.Mask)
      (net 13 "Net-(DA1-Pad3)"))
    (pad 13 thru_hole oval (at 7.62 17.78) (size 1.6 1.6) (drill 0.8) (layers *.Cu *.Mask)
      (net 14 "Net-(DA1-Pad13)"))
    (pad 4 thru_hole oval (at 0 7.62) (size 1.6 1.6) (drill 0.8) (layers *.Cu *.Mask)
      (net 3 "Net-(C2-Pad2)"))
    (pad 14 thru_hole oval (at 7.62 15.24) (size 1.6 1.6) (drill 0.8) (layers *.Cu *.Mask)
      (net 15 "Net-(DA1-Pad14)"))
    (pad 5 thru_hole oval (at 0 10.16) (size 1.6 1.6) (drill 0.8) (layers *.Cu *.Mask)
      (net 1 "Net-(C1-Pad2)"))
    (pad 15 thru_hole oval (at 7.62 12.7) (size 1.6 1.6) (drill 0.8) (layers *.Cu *.Mask)
      (net 16 "Net-(DA1-Pad15)"))
    (pad 6 thru_hole oval (at 0 12.7) (size 1.6 1.6) (drill 0.8) (layers *.Cu *.Mask)
      (net 17 "Net-(DA1-Pad6)"))
    (pad 16 thru_hole oval (at 7.62 10.16) (size 1.6 1.6) (drill 0.8) (layers *.Cu *.Mask)
      (net 18 "Net-(DA1-Pad16)"))
    (pad 7 thru_hole oval (at 0 15.24) (size 1.6 1.6) (drill 0.8) (layers *.Cu *.Mask)
      (net 19 "Net-(DA1-Pad7)"))
    (pad 17 thru_hole oval (at 7.62 7.62) (size 1.6 1.6) (drill 0.8) (layers *.Cu *.Mask)
      (net 20 "Net-(DA1-Pad17)"))
    (pad 8 thru_hole oval (at 0 17.78) (size 1.6 1.6) (drill 0.8) (layers *.Cu *.Mask)
      (net 21 "Net-(DA1-Pad8)"))
    (pad 18 thru_hole oval (at 7.62 5.08) (size 1.6 1.6) (drill 0.8) (layers *.Cu *.Mask)
      (net 22 "Net-(DA1-Pad18)"))
    (pad 9 thru_hole oval (at 0 20.32) (size 1.6 1.6) (drill 0.8) (layers *.Cu *.Mask)
      (net 23 "Net-(DA1-Pad9)"))
    (pad 19 thru_hole oval (at 7.62 2.54) (size 1.6 1.6) (drill 0.8) (layers *.Cu *.Mask)
      (net 24 "Net-(DA1-Pad19)"))
    (pad 10 thru_hole oval (at 0 22.86) (size 1.6 1.6) (drill 0.8) (layers *.Cu *.Mask)
      (net 71 0V))
    (pad 20 thru_hole oval (at 7.62 0) (size 1.6 1.6) (drill 0.8) (layers *.Cu *.Mask)
      (net 4 +5V))
    (model ${KISYS3DMOD}/Package_DIP.3dshapes/DIP-20_W7.62mm.wrl
      (at (xyz 0 0 0))
      (scale (xyz 1 1 1))
      (rotate (xyz 0 0 0))
    )
  )

  (module Capacitor_SMD:C_1206_3216Metric (layer F.Cu) (tedit 5B301BBE) (tstamp 63661B16)
    (at 69.6 95)
    (descr "Capacitor SMD 1206 (3216 Metric), square (rectangular) end terminal, IPC_7351 nominal, (Body size source: http://www.tortai-tech.com/upload/download/2011102023233369053.pdf), generated with kicad-footprint-generator")
    (tags capacitor)
    (path /635DD89B)
    (attr smd)
    (fp_text reference C1 (at 0 -1.82) (layer F.SilkS)
      (effects (font (size 1 1) (thickness 0.15)))
    )
    (fp_text value "30 пФ" (at 0 1.82) (layer F.Fab) hide
      (effects (font (size 1 1) (thickness 0.15)))
    )
    (fp_line (start 2.28 1.12) (end -2.28 1.12) (layer F.CrtYd) (width 0.05))
    (fp_line (start 2.28 -1.12) (end 2.28 1.12) (layer F.CrtYd) (width 0.05))
    (fp_line (start -2.28 -1.12) (end 2.28 -1.12) (layer F.CrtYd) (width 0.05))
    (fp_line (start -2.28 1.12) (end -2.28 -1.12) (layer F.CrtYd) (width 0.05))
    (fp_line (start -0.602064 0.91) (end 0.602064 0.91) (layer F.SilkS) (width 0.12))
    (fp_line (start -0.602064 -0.91) (end 0.602064 -0.91) (layer F.SilkS) (width 0.12))
    (fp_line (start 1.6 0.8) (end -1.6 0.8) (layer F.Fab) (width 0.1))
    (fp_line (start 1.6 -0.8) (end 1.6 0.8) (layer F.Fab) (width 0.1))
    (fp_line (start -1.6 -0.8) (end 1.6 -0.8) (layer F.Fab) (width 0.1))
    (fp_line (start -1.6 0.8) (end -1.6 -0.8) (layer F.Fab) (width 0.1))
    (fp_text user %R (at 0 0) (layer F.Fab)
      (effects (font (size 0.8 0.8) (thickness 0.12)))
    )
    (pad 2 smd roundrect (at 1.4 0) (size 1.25 1.75) (layers F.Cu F.Paste F.Mask) (roundrect_rratio 0.2)
      (net 1 "Net-(C1-Pad2)"))
    (pad 1 smd roundrect (at -1.4 0) (size 1.25 1.75) (layers F.Cu F.Paste F.Mask) (roundrect_rratio 0.2)
      (net 71 0V))
    (model ${KISYS3DMOD}/Capacitor_SMD.3dshapes/C_1206_3216Metric.wrl
      (at (xyz 0 0 0))
      (scale (xyz 1 1 1))
      (rotate (xyz 0 0 0))
    )
  )

  (module Capacitor_SMD:C_1206_3216Metric (layer F.Cu) (tedit 5B301BBE) (tstamp 63661B27)
    (at 70 78)
    (descr "Capacitor SMD 1206 (3216 Metric), square (rectangular) end terminal, IPC_7351 nominal, (Body size source: http://www.tortai-tech.com/upload/download/2011102023233369053.pdf), generated with kicad-footprint-generator")
    (tags capacitor)
    (path /635E04C0)
    (attr smd)
    (fp_text reference C2 (at 0 -1.82) (layer F.SilkS)
      (effects (font (size 1 1) (thickness 0.15)))
    )
    (fp_text value "30 пФ" (at 0 1.82) (layer F.Fab)
      (effects (font (size 1 1) (thickness 0.15)))
    )
    (fp_line (start -1.6 0.8) (end -1.6 -0.8) (layer F.Fab) (width 0.1))
    (fp_line (start -1.6 -0.8) (end 1.6 -0.8) (layer F.Fab) (width 0.1))
    (fp_line (start 1.6 -0.8) (end 1.6 0.8) (layer F.Fab) (width 0.1))
    (fp_line (start 1.6 0.8) (end -1.6 0.8) (layer F.Fab) (width 0.1))
    (fp_line (start -0.602064 -0.91) (end 0.602064 -0.91) (layer F.SilkS) (width 0.12))
    (fp_line (start -0.602064 0.91) (end 0.602064 0.91) (layer F.SilkS) (width 0.12))
    (fp_line (start -2.28 1.12) (end -2.28 -1.12) (layer F.CrtYd) (width 0.05))
    (fp_line (start -2.28 -1.12) (end 2.28 -1.12) (layer F.CrtYd) (width 0.05))
    (fp_line (start 2.28 -1.12) (end 2.28 1.12) (layer F.CrtYd) (width 0.05))
    (fp_line (start 2.28 1.12) (end -2.28 1.12) (layer F.CrtYd) (width 0.05))
    (fp_text user %R (at 0 0) (layer F.Fab)
      (effects (font (size 0.8 0.8) (thickness 0.12)))
    )
    (pad 1 smd roundrect (at -1.4 0) (size 1.25 1.75) (layers F.Cu F.Paste F.Mask) (roundrect_rratio 0.2)
      (net 71 0V))
    (pad 2 smd roundrect (at 1.4 0) (size 1.25 1.75) (layers F.Cu F.Paste F.Mask) (roundrect_rratio 0.2)
      (net 3 "Net-(C2-Pad2)"))
    (model ${KISYS3DMOD}/Capacitor_SMD.3dshapes/C_1206_3216Metric.wrl
      (at (xyz 0 0 0))
      (scale (xyz 1 1 1))
      (rotate (xyz 0 0 0))
    )
  )

  (module Capacitor_SMD:C_1206_3216Metric (layer F.Cu) (tedit 5B301BBE) (tstamp 63668A44)
    (at 84 73 180)
    (descr "Capacitor SMD 1206 (3216 Metric), square (rectangular) end terminal, IPC_7351 nominal, (Body size source: http://www.tortai-tech.com/upload/download/2011102023233369053.pdf), generated with kicad-footprint-generator")
    (tags capacitor)
    (path /638006A0)
    (attr smd)
    (fp_text reference C3 (at -1 2) (layer F.SilkS)
      (effects (font (size 1 1) (thickness 0.15)))
    )
    (fp_text value 0.15 (at 0 1.82) (layer F.Fab) hide
      (effects (font (size 1 1) (thickness 0.15)))
    )
    (fp_line (start 2.28 1.12) (end -2.28 1.12) (layer F.CrtYd) (width 0.05))
    (fp_line (start 2.28 -1.12) (end 2.28 1.12) (layer F.CrtYd) (width 0.05))
    (fp_line (start -2.28 -1.12) (end 2.28 -1.12) (layer F.CrtYd) (width 0.05))
    (fp_line (start -2.28 1.12) (end -2.28 -1.12) (layer F.CrtYd) (width 0.05))
    (fp_line (start -0.602064 0.91) (end 0.602064 0.91) (layer F.SilkS) (width 0.12))
    (fp_line (start -0.602064 -0.91) (end 0.602064 -0.91) (layer F.SilkS) (width 0.12))
    (fp_line (start 1.6 0.8) (end -1.6 0.8) (layer F.Fab) (width 0.1))
    (fp_line (start 1.6 -0.8) (end 1.6 0.8) (layer F.Fab) (width 0.1))
    (fp_line (start -1.6 -0.8) (end 1.6 -0.8) (layer F.Fab) (width 0.1))
    (fp_line (start -1.6 0.8) (end -1.6 -0.8) (layer F.Fab) (width 0.1))
    (fp_text user %R (at 0 0) (layer F.Fab) hide
      (effects (font (size 0.8 0.8) (thickness 0.12)))
    )
    (pad 2 smd roundrect (at 1.4 0 180) (size 1.25 1.75) (layers F.Cu F.Paste F.Mask) (roundrect_rratio 0.2)
      (net 4 +5V))
    (pad 1 smd roundrect (at -1.4 0 180) (size 1.25 1.75) (layers F.Cu F.Paste F.Mask) (roundrect_rratio 0.2)
      (net 71 0V))
    (model ${KISYS3DMOD}/Capacitor_SMD.3dshapes/C_1206_3216Metric.wrl
      (at (xyz 0 0 0))
      (scale (xyz 1 1 1))
      (rotate (xyz 0 0 0))
    )
  )

  (module Capacitor_SMD:C_1206_3216Metric (layer F.Cu) (tedit 5B301BBE) (tstamp 6366692E)
    (at 121.5 166.5)
    (descr "Capacitor SMD 1206 (3216 Metric), square (rectangular) end terminal, IPC_7351 nominal, (Body size source: http://www.tortai-tech.com/upload/download/2011102023233369053.pdf), generated with kicad-footprint-generator")
    (tags capacitor)
    (path /6374230D)
    (attr smd)
    (fp_text reference C4 (at 0 2.5) (layer F.SilkS)
      (effects (font (size 1 1) (thickness 0.15)))
    )
    (fp_text value "30 пФ" (at 0 1.82) (layer F.Fab)
      (effects (font (size 1 1) (thickness 0.15)))
    )
    (fp_line (start 2.28 1.12) (end -2.28 1.12) (layer F.CrtYd) (width 0.05))
    (fp_line (start 2.28 -1.12) (end 2.28 1.12) (layer F.CrtYd) (width 0.05))
    (fp_line (start -2.28 -1.12) (end 2.28 -1.12) (layer F.CrtYd) (width 0.05))
    (fp_line (start -2.28 1.12) (end -2.28 -1.12) (layer F.CrtYd) (width 0.05))
    (fp_line (start -0.602064 0.91) (end 0.602064 0.91) (layer F.SilkS) (width 0.12))
    (fp_line (start -0.602064 -0.91) (end 0.602064 -0.91) (layer F.SilkS) (width 0.12))
    (fp_line (start 1.6 0.8) (end -1.6 0.8) (layer F.Fab) (width 0.1))
    (fp_line (start 1.6 -0.8) (end 1.6 0.8) (layer F.Fab) (width 0.1))
    (fp_line (start -1.6 -0.8) (end 1.6 -0.8) (layer F.Fab) (width 0.1))
    (fp_line (start -1.6 0.8) (end -1.6 -0.8) (layer F.Fab) (width 0.1))
    (fp_text user %R (at 0 0) (layer F.Fab)
      (effects (font (size 0.8 0.8) (thickness 0.12)))
    )
    (pad 2 smd roundrect (at 1.4 0) (size 1.25 1.75) (layers F.Cu F.Paste F.Mask) (roundrect_rratio 0.2)
      (net 5 /OSC1))
    (pad 1 smd roundrect (at -1.4 0) (size 1.25 1.75) (layers F.Cu F.Paste F.Mask) (roundrect_rratio 0.2)
      (net 2 GND))
    (model ${KISYS3DMOD}/Capacitor_SMD.3dshapes/C_1206_3216Metric.wrl
      (at (xyz 0 0 0))
      (scale (xyz 1 1 1))
      (rotate (xyz 0 0 0))
    )
  )

  (module Capacitor_SMD:C_1206_3216Metric (layer F.Cu) (tedit 5B301BBE) (tstamp 636668FE)
    (at 121.5 150.5)
    (descr "Capacitor SMD 1206 (3216 Metric), square (rectangular) end terminal, IPC_7351 nominal, (Body size source: http://www.tortai-tech.com/upload/download/2011102023233369053.pdf), generated with kicad-footprint-generator")
    (tags capacitor)
    (path /63742319)
    (attr smd)
    (fp_text reference C5 (at 0 -1.82) (layer F.SilkS)
      (effects (font (size 1 1) (thickness 0.15)))
    )
    (fp_text value "30 пФ" (at 0 1.82) (layer F.Fab)
      (effects (font (size 1 1) (thickness 0.15)))
    )
    (fp_line (start -1.6 0.8) (end -1.6 -0.8) (layer F.Fab) (width 0.1))
    (fp_line (start -1.6 -0.8) (end 1.6 -0.8) (layer F.Fab) (width 0.1))
    (fp_line (start 1.6 -0.8) (end 1.6 0.8) (layer F.Fab) (width 0.1))
    (fp_line (start 1.6 0.8) (end -1.6 0.8) (layer F.Fab) (width 0.1))
    (fp_line (start -0.602064 -0.91) (end 0.602064 -0.91) (layer F.SilkS) (width 0.12))
    (fp_line (start -0.602064 0.91) (end 0.602064 0.91) (layer F.SilkS) (width 0.12))
    (fp_line (start -2.28 1.12) (end -2.28 -1.12) (layer F.CrtYd) (width 0.05))
    (fp_line (start -2.28 -1.12) (end 2.28 -1.12) (layer F.CrtYd) (width 0.05))
    (fp_line (start 2.28 -1.12) (end 2.28 1.12) (layer F.CrtYd) (width 0.05))
    (fp_line (start 2.28 1.12) (end -2.28 1.12) (layer F.CrtYd) (width 0.05))
    (fp_text user %R (at 0 0) (layer F.Fab)
      (effects (font (size 0.8 0.8) (thickness 0.12)))
    )
    (pad 1 smd roundrect (at -1.4 0) (size 1.25 1.75) (layers F.Cu F.Paste F.Mask) (roundrect_rratio 0.2)
      (net 2 GND))
    (pad 2 smd roundrect (at 1.4 0) (size 1.25 1.75) (layers F.Cu F.Paste F.Mask) (roundrect_rratio 0.2)
      (net 6 /OSC2))
    (model ${KISYS3DMOD}/Capacitor_SMD.3dshapes/C_1206_3216Metric.wrl
      (at (xyz 0 0 0))
      (scale (xyz 1 1 1))
      (rotate (xyz 0 0 0))
    )
  )

  (module Capacitor_SMD:C_1206_3216Metric (layer F.Cu) (tedit 5B301BBE) (tstamp 6367313C)
    (at 121.5 146)
    (descr "Capacitor SMD 1206 (3216 Metric), square (rectangular) end terminal, IPC_7351 nominal, (Body size source: http://www.tortai-tech.com/upload/download/2011102023233369053.pdf), generated with kicad-footprint-generator")
    (tags capacitor)
    (path /63935380)
    (attr smd)
    (fp_text reference C6 (at 0 -1.82) (layer F.SilkS)
      (effects (font (size 1 1) (thickness 0.15)))
    )
    (fp_text value 0.15 (at 0 1.82) (layer F.Fab)
      (effects (font (size 1 1) (thickness 0.15)))
    )
    (fp_line (start -1.6 0.8) (end -1.6 -0.8) (layer F.Fab) (width 0.1))
    (fp_line (start -1.6 -0.8) (end 1.6 -0.8) (layer F.Fab) (width 0.1))
    (fp_line (start 1.6 -0.8) (end 1.6 0.8) (layer F.Fab) (width 0.1))
    (fp_line (start 1.6 0.8) (end -1.6 0.8) (layer F.Fab) (width 0.1))
    (fp_line (start -0.602064 -0.91) (end 0.602064 -0.91) (layer F.SilkS) (width 0.12))
    (fp_line (start -0.602064 0.91) (end 0.602064 0.91) (layer F.SilkS) (width 0.12))
    (fp_line (start -2.28 1.12) (end -2.28 -1.12) (layer F.CrtYd) (width 0.05))
    (fp_line (start -2.28 -1.12) (end 2.28 -1.12) (layer F.CrtYd) (width 0.05))
    (fp_line (start 2.28 -1.12) (end 2.28 1.12) (layer F.CrtYd) (width 0.05))
    (fp_line (start 2.28 1.12) (end -2.28 1.12) (layer F.CrtYd) (width 0.05))
    (fp_text user %R (at 0 0) (layer F.Fab)
      (effects (font (size 0.8 0.8) (thickness 0.12)))
    )
    (pad 1 smd roundrect (at -1.4 0) (size 1.25 1.75) (layers F.Cu F.Paste F.Mask) (roundrect_rratio 0.2)
      (net 2 GND))
    (pad 2 smd roundrect (at 1.4 0) (size 1.25 1.75) (layers F.Cu F.Paste F.Mask) (roundrect_rratio 0.2)
      (net 7 /Reset))
    (model ${KISYS3DMOD}/Capacitor_SMD.3dshapes/C_1206_3216Metric.wrl
      (at (xyz 0 0 0))
      (scale (xyz 1 1 1))
      (rotate (xyz 0 0 0))
    )
  )

  (module Capacitor_SMD:C_1206_3216Metric (layer F.Cu) (tedit 5B301BBE) (tstamp 63661B7C)
    (at 135 143.5 180)
    (descr "Capacitor SMD 1206 (3216 Metric), square (rectangular) end terminal, IPC_7351 nominal, (Body size source: http://www.tortai-tech.com/upload/download/2011102023233369053.pdf), generated with kicad-footprint-generator")
    (tags capacitor)
    (path /63742342)
    (attr smd)
    (fp_text reference C7 (at -0.5 2) (layer F.SilkS)
      (effects (font (size 1 1) (thickness 0.15)))
    )
    (fp_text value 0.15 (at 0 1.82) (layer F.Fab)
      (effects (font (size 1 1) (thickness 0.15)))
    )
    (fp_line (start 2.28 1.12) (end -2.28 1.12) (layer F.CrtYd) (width 0.05))
    (fp_line (start 2.28 -1.12) (end 2.28 1.12) (layer F.CrtYd) (width 0.05))
    (fp_line (start -2.28 -1.12) (end 2.28 -1.12) (layer F.CrtYd) (width 0.05))
    (fp_line (start -2.28 1.12) (end -2.28 -1.12) (layer F.CrtYd) (width 0.05))
    (fp_line (start -0.602064 0.91) (end 0.602064 0.91) (layer F.SilkS) (width 0.12))
    (fp_line (start -0.602064 -0.91) (end 0.602064 -0.91) (layer F.SilkS) (width 0.12))
    (fp_line (start 1.6 0.8) (end -1.6 0.8) (layer F.Fab) (width 0.1))
    (fp_line (start 1.6 -0.8) (end 1.6 0.8) (layer F.Fab) (width 0.1))
    (fp_line (start -1.6 -0.8) (end 1.6 -0.8) (layer F.Fab) (width 0.1))
    (fp_line (start -1.6 0.8) (end -1.6 -0.8) (layer F.Fab) (width 0.1))
    (fp_text user %R (at 0 0) (layer F.Fab)
      (effects (font (size 0.8 0.8) (thickness 0.12)))
    )
    (pad 2 smd roundrect (at 1.4 0 180) (size 1.25 1.75) (layers F.Cu F.Paste F.Mask) (roundrect_rratio 0.2)
      (net 67 +5VL))
    (pad 1 smd roundrect (at -1.4 0 180) (size 1.25 1.75) (layers F.Cu F.Paste F.Mask) (roundrect_rratio 0.2)
      (net 2 GND))
    (model ${KISYS3DMOD}/Capacitor_SMD.3dshapes/C_1206_3216Metric.wrl
      (at (xyz 0 0 0))
      (scale (xyz 1 1 1))
      (rotate (xyz 0 0 0))
    )
  )

  (module Capacitor_SMD:C_1206_3216Metric (layer F.Cu) (tedit 5B301BBE) (tstamp 63661B8D)
    (at 203.25 48.75 270)
    (descr "Capacitor SMD 1206 (3216 Metric), square (rectangular) end terminal, IPC_7351 nominal, (Body size source: http://www.tortai-tech.com/upload/download/2011102023233369053.pdf), generated with kicad-footprint-generator")
    (tags capacitor)
    (path /63722C45)
    (attr smd)
    (fp_text reference C8 (at -3.5 0 180) (layer F.SilkS)
      (effects (font (size 1 1) (thickness 0.15)))
    )
    (fp_text value "30 пФ" (at 0 1.82 90) (layer F.Fab)
      (effects (font (size 1 1) (thickness 0.15)))
    )
    (fp_line (start 2.28 1.12) (end -2.28 1.12) (layer F.CrtYd) (width 0.05))
    (fp_line (start 2.28 -1.12) (end 2.28 1.12) (layer F.CrtYd) (width 0.05))
    (fp_line (start -2.28 -1.12) (end 2.28 -1.12) (layer F.CrtYd) (width 0.05))
    (fp_line (start -2.28 1.12) (end -2.28 -1.12) (layer F.CrtYd) (width 0.05))
    (fp_line (start -0.602064 0.91) (end 0.602064 0.91) (layer F.SilkS) (width 0.12))
    (fp_line (start -0.602064 -0.91) (end 0.602064 -0.91) (layer F.SilkS) (width 0.12))
    (fp_line (start 1.6 0.8) (end -1.6 0.8) (layer F.Fab) (width 0.1))
    (fp_line (start 1.6 -0.8) (end 1.6 0.8) (layer F.Fab) (width 0.1))
    (fp_line (start -1.6 -0.8) (end 1.6 -0.8) (layer F.Fab) (width 0.1))
    (fp_line (start -1.6 0.8) (end -1.6 -0.8) (layer F.Fab) (width 0.1))
    (fp_text user %R (at 0 0 90) (layer F.Fab)
      (effects (font (size 0.8 0.8) (thickness 0.12)))
    )
    (pad 2 smd roundrect (at 1.4 0 270) (size 1.25 1.75) (layers F.Cu F.Paste F.Mask) (roundrect_rratio 0.2)
      (net 73 /OSC3))
    (pad 1 smd roundrect (at -1.4 0 270) (size 1.25 1.75) (layers F.Cu F.Paste F.Mask) (roundrect_rratio 0.2)
      (net 72 0V1))
    (model ${KISYS3DMOD}/Capacitor_SMD.3dshapes/C_1206_3216Metric.wrl
      (at (xyz 0 0 0))
      (scale (xyz 1 1 1))
      (rotate (xyz 0 0 0))
    )
  )

  (module Capacitor_SMD:C_1206_3216Metric (layer F.Cu) (tedit 5B301BBE) (tstamp 63661B9E)
    (at 220.5 48.5 270)
    (descr "Capacitor SMD 1206 (3216 Metric), square (rectangular) end terminal, IPC_7351 nominal, (Body size source: http://www.tortai-tech.com/upload/download/2011102023233369053.pdf), generated with kicad-footprint-generator")
    (tags capacitor)
